test_iter: 400
test_interval: 5000
base_lr: 0.00031622776601
display: 100
max_iter: 2000000
lr_policy: "multistep"
gamma: 0.31622776601
stepvalue: 192000
stepvalue: 384000
stepvalue: 576000
stepvalue: 960000
stepvalue: 1344000
momentum: 0.9
snapshot: 5000
snapshot_prefix: "../caffe_data/12_layer/snap"
solver_mode: GPU
net: "12_layer_train_2.prototxt"
average_loss: 1
momentum2: 0.999
type: "Adam"
weight_decay: 0.001